,CapitalPaid,CapitalPaymentDue,DealNum,FeePaid,Fees,InterestDue,InterestRate,LTV,Loan,Month,OverpaymentPaid,PropertyPrice,RemainingTerm,num
0,0,-1814.31703035,1,995.0,995.0,0,0.0274,0.89,445000,0,0,500000,360,0.0
1,798.233697012,-1814.31703035,1,0,0,1016.08333333,0.0274,0.888403532606,444201.766303,1,0,500000,359,0.0
2,800.05633062,-1814.31703035,1,0,0,1014.26069973,0.0274,0.886803419945,443401.709972,2,0,500000,358,0.0
3,801.883125908,-1814.31703035,1,0,0,1012.43390444,0.0274,0.885199653693,442599.826846,3,0,500000,357,0.0
4,803.714092379,-1814.31703035,1,0,0,1010.60293797,0.0274,0.883592225508,441796.112754,4,0,500000,356,0.0
5,805.549239557,-1814.31703035,1,0,0,1008.76779079,0.0274,0.881981127029,440990.563515,5,0,500000,355,0.0
6,807.388576987,-1814.31703035,1,0,0,1006.92845336,0.0274,0.880366349875,440183.174938,6,0,500000,354,0.0
7,809.232114238,-1814.31703035,1,0,0,1005.08491611,0.0274,0.878747885647,439373.942823,7,0,500000,353,0.0
8,811.079860899,-1814.31703035,1,0,0,1003.23716945,0.0274,0.877125725925,438562.862962,8,0,500000,352,0.0
9,812.931826581,-1814.31703035,1,0,0,1001.38520376,0.0274,0.875499862272,437749.931136,9,0,500000,351,0.0
10,814.788020918,-1814.31703035,1,0,0,999.529009427,0.0274,0.87387028623,436935.143115,10,0,500000,350,0.0
11,816.648453566,-1814.31703035,1,0,0,997.668576779,0.0274,0.872236989323,436118.494661,11,0,500000,349,0.0
12,818.513134202,-1814.31703035,1,0,0,995.803896143,0.0274,0.870599963054,435299.981527,12,0,500000,348,0.0
13,820.382072525,-1814.31703035,1,0,0,993.93495782,0.0274,0.868959198909,434479.599455,13,0,500000,347,0.0
14,822.255278257,-1814.31703035,1,0,0,992.061752088,0.0274,0.867314688353,433657.344176,14,0,500000,346,0.0
15,824.132761143,-1814.31703035,1,0,0,990.184269203,0.0274,0.86566642283,432833.211415,15,0,500000,345,0.0
16,826.014530947,-1814.31703035,1,0,0,988.302499398,0.0274,0.864014393769,432007.196884,16,0,500000,344,0.0
17,827.90059746,-1814.31703035,1,0,0,986.416432886,0.0274,0.862358592574,431179.296287,17,0,500000,343,0.0
18,829.79097049,-1814.31703035,1,0,0,984.526059855,0.0274,0.860699010633,430349.505316,18,0,500000,342,0.0
19,831.685659873,-1814.31703035,1,0,0,982.631370472,0.0274,0.859035639313,429517.819656,19,0,500000,341,0.0
20,833.584675463,-1814.31703035,1,0,0,980.732354882,0.0274,0.857368469962,428684.234981,20,0,500000,340,0.0
21,835.488027139,-1814.31703035,1,0,0,978.829003207,0.0274,0.855697493908,427848.746954,21,0,500000,339,0.0
22,837.395724801,-1814.31703035,1,0,0,976.921305545,0.0274,0.854022702458,427011.351229,22,0,500000,338,0.0
23,839.307778372,-1814.31703035,1,0,0,975.009251973,0.0274,0.852344086901,426172.043451,23,0,500000,337,0.0
24,841.2241978,-1814.31703035,1,0,0,973.092832546,0.0274,0.850661638506,425330.819253,24,0,500000,336,0.0
25,843.144993051,-1814.31703035,1,0,0,971.172037294,0.0274,0.84897534852,424487.67426,25,0,500000,335,0.0
26,845.070174119,-1814.31703035,1,0,0,969.246856227,0.0274,0.847285208171,423642.604086,26,0,500000,334,0.0
27,846.999751016,-1814.31703035,1,0,0,967.317279329,0.0274,0.845591208669,422795.604335,27,0,500000,333,0.0
28,848.933733781,-1814.31703035,1,0,0,965.383296564,0.0274,0.843893341202,421946.670601,28,0,500000,332,0.0
29,850.872132473,-1814.31703035,1,0,0,963.444897872,0.0274,0.842191596937,421095.798468,29,0,500000,331,0.0
30,852.814957176,-1814.31703035,1,0,0,961.50207317,0.0274,0.840485967022,420242.983511,30,0,500000,330,0.0
31,854.762217995,-1814.31703035,1,0,0,959.554812351,0.0274,0.838776442587,419388.221293,31,0,500000,329,0.0
32,856.713925059,-1814.31703035,1,0,0,957.603105286,0.0274,0.837063014736,418531.507368,32,0,500000,328,0.0
33,858.670088521,-1814.31703035,1,0,0,955.646941824,0.0274,0.835345674559,417672.83728,33,0,500000,327,0.0
34,860.630718557,-1814.31703035,1,0,0,953.686311789,0.0274,0.833624413122,416812.206561,34,0,500000,326,0.0
35,862.595825364,-1814.31703035,1,0,0,951.721204981,0.0274,0.831899221472,415949.610736,35,0,500000,325,0.0
36,864.565419165,-1814.31703035,1,0,0,949.75161118,0.0274,0.830170090633,415085.045317,36,0,500000,324,0.0
37,866.539510206,-1814.31703035,1,0,0,947.77752014,0.0274,0.828437011613,414218.505806,37,0,500000,323,0.0
38,868.518108754,-1814.31703035,1,0,0,945.798921591,0.0274,0.826699975395,413349.987698,38,0,500000,322,0.0
39,870.501225102,-1814.31703035,1,0,0,943.815805243,0.0274,0.824958972945,412479.486473,39,0,500000,321,0.0
40,872.488869566,-1814.31703035,1,0,0,941.828160779,0.0274,0.823213995206,411606.997603,40,0,500000,320,0.0
41,874.481052485,-1814.31703035,1,0,0,939.83597786,0.0274,0.821465033101,410732.51655,41,0,500000,319,0.0
42,876.477784222,-1814.31703035,1,0,0,937.839246124,0.0274,0.819712077533,409856.038766,42,0,500000,318,0.0
43,878.479075162,-1814.31703035,1,0,0,935.837955183,0.0274,0.817955119382,408977.559691,43,0,500000,317,0.0
44,880.484935717,-1814.31703035,1,0,0,933.832094628,0.0274,0.816194149511,408097.074755,44,0,500000,316,0.0
45,882.49537632,-1814.31703035,1,0,0,931.821654025,0.0274,0.814429158758,407214.579379,45,0,500000,315,0.0
46,884.51040743,-1814.31703035,1,0,0,929.806622915,0.0274,0.812660137943,406330.068972,46,0,500000,314,0.0
47,886.530039527,-1814.31703035,1,0,0,927.786990819,0.0274,0.810887077864,405443.538932,47,0,500000,313,0.0
48,888.554283117,-1814.31703035,1,0,0,925.762747228,0.0274,0.809109969298,404554.984649,48,0,500000,312,0.0
49,890.58314873,-1814.31703035,1,0,0,923.733881615,0.0274,0.807328803,403664.4015,49,0,500000,311,0.0
50,892.61664692,-1814.31703035,1,0,0,921.700383426,0.0274,0.805543569707,402771.784853,50,0,500000,310,0.0
51,894.654788263,-1814.31703035,1,0,0,919.662242082,0.0274,0.80375426013,401877.130065,51,0,500000,309,0.0
52,896.697583363,-1814.31703035,1,0,0,917.619446982,0.0274,0.801960864963,400980.432482,52,0,500000,308,0.0
53,898.745042845,-1814.31703035,1,0,0,915.5719875,0.0274,0.800163374878,400081.687439,53,0,500000,307,0.0
54,900.79717736,-1814.31703035,1,0,0,913.519852985,0.0274,0.798361780523,399180.890261,54,0,500000,306,0.0
55,902.853997582,-1814.31703035,1,0,0,911.463032764,0.0274,0.796556072528,398278.036264,55,0,500000,305,0.0
56,904.915514209,-1814.31703035,1,0,0,909.401516136,0.0274,0.794746241499,397373.12075,56,0,500000,304,0.0
57,906.981737967,-1814.31703035,1,0,0,907.335292378,0.0274,0.792932278023,396466.139012,57,0,500000,303,0.0
58,909.052679602,-1814.31703035,1,0,0,905.264350743,0.0274,0.791114172664,395557.086332,58,0,500000,302,0.0
59,911.128349887,-1814.31703035,1,0,0,903.188680458,0.0274,0.789291915964,394645.957982,59,0,500000,301,0.0
60,913.208759619,-1814.31703035,1,0,0,901.108270726,0.0274,0.787465498445,393732.749223,60,0,500000,300,0.0
0,0,-1814.31703035,1,995.0,995.0,0,0.0274,0.89,445000,0,0,500000,360,1.0
1,1141.23369701,-1814.31703035,1,0,0,1016.08333333,0.0274,0.887717532606,443858.766303,1,343,500000,359,1.0
2,1143.83951395,-1814.31703035,1,0,0,1013.47751639,0.0274,0.885429853578,442714.926789,2,343,500000,358,1.0
3,1146.45128084,-1814.31703035,1,0,0,1010.8657495,0.0274,0.883136951016,441568.475508,3,343,500000,357,1.0
4,1149.06901127,-1814.31703035,1,0,0,1008.24801908,0.0274,0.880838812994,440419.406497,4,343,500000,356,1.0
5,1151.69271884,-1814.31703035,1,0,0,1005.6243115,0.0274,0.878535427556,439267.713778,5,343,500000,355,1.0
6,1154.32241722,-1814.31703035,1,0,0,1002.99461313,0.0274,0.876226782722,438113.391361,6,343,500000,354,1.0
7,1156.95812007,-1814.31703035,1,0,0,1000.35891027,0.0274,0.873912866482,436956.433241,7,343,500000,353,1.0
8,1159.59984111,-1814.31703035,1,0,0,997.717189233,0.0274,0.871593666799,435796.8334,8,343,500000,352,1.0
9,1162.24759408,-1814.31703035,1,0,0,995.069436263,0.0274,0.869269171611,434634.585806,9,343,500000,351,1.0
10,1164.90139276,-1814.31703035,1,0,0,992.415637589,0.0274,0.866939368826,433469.684413,10,343,500000,350,1.0
11,1167.56125094,-1814.31703035,1,0,0,989.755779409,0.0274,0.864604246324,432302.123162,11,343,500000,349,1.0
12,1170.22718246,-1814.31703035,1,0,0,987.089847886,0.0274,0.862263791959,431131.895979,12,343,500000,348,1.0
13,1172.89920119,-1814.31703035,1,0,0,984.417829153,0.0274,0.859917993557,429958.996778,13,343,500000,347,1.0
14,1175.57732103,-1814.31703035,1,0,0,981.73970931,0.0274,0.857566838914,428783.419457,14,343,500000,346,1.0
15,1178.26155592,-1814.31703035,1,0,0,979.055474427,0.0274,0.855210315803,427605.157901,15,343,500000,345,1.0
16,1180.9519198,-1814.31703035,1,0,0,976.365110541,0.0274,0.852848411963,426424.205981,16,343,500000,344,1.0
17,1183.64842669,-1814.31703035,1,0,0,973.668603658,0.0274,0.85048111511,425240.557555,17,343,500000,343,1.0
18,1186.3510906,-1814.31703035,1,0,0,970.96593975,0.0274,0.848108412928,424054.206464,18,343,500000,342,1.0
19,1189.05992559,-1814.31703035,1,0,0,968.25710476,0.0274,0.845730293077,422865.146539,19,343,500000,341,1.0
20,1191.77494575,-1814.31703035,1,0,0,965.542084597,0.0274,0.843346743186,421673.371593,20,343,500000,340,1.0
21,1194.49616521,-1814.31703035,1,0,0,962.820865137,0.0274,0.840957750855,420478.875428,21,343,500000,339,1.0
22,1197.22359812,-1814.31703035,1,0,0,960.093432227,0.0274,0.838563303659,419281.65183,22,343,500000,338,1.0
23,1199.95725867,-1814.31703035,1,0,0,957.359771677,0.0274,0.836163389142,418081.694571,23,343,500000,337,1.0
24,1202.69716108,-1814.31703035,1,0,0,954.61986927,0.0274,0.83375799482,416878.99741,24,343,500000,336,1.0
25,1205.44331959,-1814.31703035,1,0,0,951.873710752,0.0274,0.83134710818,415673.55409,25,343,500000,335,1.0
26,1208.19574851,-1814.31703035,1,0,0,949.121281839,0.0274,0.828930716683,414465.358342,26,343,500000,334,1.0
27,1210.95446213,-1814.31703035,1,0,0,946.362568214,0.0274,0.826508807759,413254.40388,27,343,500000,333,1.0
28,1213.71947482,-1814.31703035,1,0,0,943.597555525,0.0274,0.82408136881,412040.684405,28,343,500000,332,1.0
29,1216.49080095,-1814.31703035,1,0,0,940.826229391,0.0274,0.821648387208,410824.193604,29,343,500000,331,1.0
30,1219.26845495,-1814.31703035,1,0,0,938.048575395,0.0274,0.819209850298,409604.925149,30,343,500000,330,1.0
31,1222.05245126,-1814.31703035,1,0,0,935.26457909,0.0274,0.816765745395,408382.872698,31,343,500000,329,1.0
32,1224.84280435,-1814.31703035,1,0,0,932.474225993,0.0274,0.814316059786,407158.029893,32,343,500000,328,1.0
33,1227.63952876,-1814.31703035,1,0,0,929.67750159,0.0274,0.811860780729,405930.390364,33,343,500000,327,1.0
34,1230.44263901,-1814.31703035,1,0,0,926.874391332,0.0274,0.809399895451,404699.947725,34,343,500000,326,1.0
35,1233.25214971,-1814.31703035,1,0,0,924.06488064,0.0274,0.806933391152,403466.695576,35,343,500000,325,1.0
36,1236.06807545,-1814.31703035,1,0,0,921.248954898,0.0274,0.804461255001,402230.6275,36,343,500000,324,1.0
37,1238.89043089,-1814.31703035,1,0,0,918.426599459,0.0274,0.801983474139,400991.737069,37,343,500000,323,1.0
38,1241.7192307,-1814.31703035,1,0,0,915.597799642,0.0274,0.799500035677,399750.017839,38,343,500000,322,1.0
39,1244.55448961,-1814.31703035,1,0,0,912.762540732,0.0274,0.797010926698,398505.463349,39,343,500000,321,1.0
40,1247.39622236,-1814.31703035,1,0,0,909.92080798,0.0274,0.794516134254,397258.067127,40,343,500000,320,1.0
41,1250.24444374,-1814.31703035,1,0,0,907.072586606,0.0274,0.792015645366,396007.822683,41,343,500000,319,1.0
42,1253.09916855,-1814.31703035,1,0,0,904.217861793,0.0274,0.789509447029,394754.723514,42,343,500000,318,1.0
43,1255.96041165,-1814.31703035,1,0,0,901.356618691,0.0274,0.786997526206,393498.763103,43,343,500000,317,1.0
44,1258.82818793,-1814.31703035,1,0,0,898.488842418,0.0274,0.78447986983,392239.934915,44,343,500000,316,1.0
45,1261.70251229,-1814.31703035,1,0,0,895.614518056,0.0274,0.781956464805,390978.232403,45,343,500000,315,1.0
46,1264.58339969,-1814.31703035,1,0,0,892.733630653,0.0274,0.779427298006,389713.649003,46,343,500000,314,1.0
47,1267.47086512,-1814.31703035,1,0,0,889.846165223,0.0274,0.776892356276,388446.178138,47,343,500000,313,1.0
48,1270.3649236,-1814.31703035,1,0,0,886.952106748,0.0274,0.774351626428,387175.813214,48,343,500000,312,1.0
49,1273.26559017,-1814.31703035,1,0,0,884.051440172,0.0274,0.771805095248,385902.547624,49,343,500000,311,1.0
50,1276.17287994,-1814.31703035,1,0,0,881.144150408,0.0274,0.769252749488,384626.374744,50,343,500000,310,1.0
51,1279.08680801,-1814.31703035,1,0,0,878.230222332,0.0274,0.766694575872,383347.287936,51,343,500000,309,1.0
52,1282.00738956,-1814.31703035,1,0,0,875.309640787,0.0274,0.764130561093,382065.280547,52,343,500000,308,1.0
53,1284.93463976,-1814.31703035,1,0,0,872.382390581,0.0274,0.761560691813,380780.345907,53,343,500000,307,1.0
54,1287.86857386,-1814.31703035,1,0,0,869.448456487,0.0274,0.758984954666,379492.477333,54,343,500000,306,1.0
55,1290.8092071,-1814.31703035,1,0,0,866.507823243,0.0274,0.756403336252,378201.668126,55,343,500000,305,1.0
56,1293.75655479,-1814.31703035,1,0,0,863.560475554,0.0274,0.753815823142,376907.911571,56,343,500000,304,1.0
57,1296.71063226,-1814.31703035,1,0,0,860.606398087,0.0274,0.751222401877,375611.200939,57,343,500000,303,1.0
58,1299.67145487,-1814.31703035,1,0,0,857.645575477,0.0274,0.748623058968,374311.529484,58,343,500000,302,1.0
59,1302.63903802,-1814.31703035,1,0,0,854.677992321,0.0274,0.746017780892,373008.890446,59,343,500000,301,1.0
60,1305.61339716,-1814.31703035,1,0,0,851.703633185,0.0274,0.743406554097,371703.277049,60,343,500000,300,1.0
0,0,-1814.31703035,1,995.0,995.0,0,0.0274,0.89,445000,0,0,500000,360,2.0
1,798.233697012,-1814.31703035,1,0,0,1016.08333333,0.0274,0.888403532606,444201.766303,1,0,500000,359,2.0
2,800.05633062,-1814.31703035,1,0,0,1014.26069973,0.0274,0.886803419945,443401.709972,2,0,500000,358,2.0
3,801.883125908,-1814.31703035,1,0,0,1012.43390444,0.0274,0.885199653693,442599.826846,3,0,500000,357,2.0
4,803.714092379,-1814.31703035,1,0,0,1010.60293797,0.0274,0.883592225508,441796.112754,4,0,500000,356,2.0
5,805.549239557,-1814.31703035,1,0,0,1008.76779079,0.0274,0.881981127029,440990.563515,5,0,500000,355,2.0
6,807.388576987,-1814.31703035,1,0,0,1006.92845336,0.0274,0.880366349875,440183.174938,6,0,500000,354,2.0
7,809.232114238,-1814.31703035,1,0,0,1005.08491611,0.0274,0.878747885647,439373.942823,7,0,500000,353,2.0
8,811.079860899,-1814.31703035,1,0,0,1003.23716945,0.0274,0.877125725925,438562.862962,8,0,500000,352,2.0
9,812.931826581,-1814.31703035,1,0,0,1001.38520376,0.0274,0.875499862272,437749.931136,9,0,500000,351,2.0
10,814.788020918,-1814.31703035,1,0,0,999.529009427,0.0274,0.87387028623,436935.143115,10,0,500000,350,2.0
11,816.648453566,-1814.31703035,1,0,0,997.668576779,0.0274,0.872236989323,436118.494661,11,0,500000,349,2.0
12,4934.5131342,-1814.31703035,1,0,0,995.803896143,0.0274,0.862367963054,431183.981527,12,4116,500000,348,2.0
13,829.780272525,-1814.31703035,1,0,0,984.53675782,0.0274,0.860708402509,430354.201255,13,0,500000,347,2.0
14,831.674937481,-1814.31703035,1,0,0,982.642092865,0.0274,0.859045052634,429522.526317,14,0,500000,346,2.0
15,833.573928588,-1814.31703035,1,0,0,980.743101757,0.0274,0.857377904777,428688.952389,15,0,500000,345,2.0
16,835.477255725,-1814.31703035,1,0,0,978.83977462,0.0274,0.855706950266,427853.475133,16,0,500000,344,2.0
17,837.384928792,-1814.31703035,1,0,0,976.932101553,0.0274,0.854032180408,427016.090204,17,0,500000,343,2.0
18,839.296957713,-1814.31703035,1,0,0,975.020072633,0.0274,0.852353586493,426176.793246,18,0,500000,342,2.0
19,841.213352433,-1814.31703035,1,0,0,973.103677912,0.0274,0.850671159788,425335.579894,19,0,500000,341,2.0
20,843.134122921,-1814.31703035,1,0,0,971.182907424,0.0274,0.848984891542,424492.445771,20,0,500000,340,2.0
21,845.059279168,-1814.31703035,1,0,0,969.257751177,0.0274,0.847294772984,423647.386492,21,0,500000,339,2.0
22,846.988831189,-1814.31703035,1,0,0,967.328199156,0.0274,0.845600795321,422800.397661,22,0,500000,338,2.0
23,848.92278902,-1814.31703035,1,0,0,965.394241325,0.0274,0.843902949743,421951.474872,23,0,500000,337,2.0
24,4966.86116272,-1814.31703035,1,0,0,963.455867623,0.0274,0.833969227418,416984.613709,24,4116,500000,336,2.0
25,862.202162377,-1814.31703035,1,0,0,952.114867969,0.0274,0.832244823093,416122.411546,25,0,500000,335,2.0
26,864.170857314,-1814.31703035,1,0,0,950.146173031,0.0274,0.830516481378,415258.240689,26,0,500000,334,2.0
27,866.144047438,-1814.31703035,1,0,0,948.172982907,0.0274,0.828784193283,414392.096642,27,0,500000,333,2.0
28,868.121743013,-1814.31703035,1,0,0,946.195287332,0.0274,0.827047949797,413523.974899,28,0,500000,332,2.0
29,870.103954327,-1814.31703035,1,0,0,944.213076019,0.0274,0.825307741889,412653.870944,29,0,500000,331,2.0
30,872.090691689,-1814.31703035,1,0,0,942.226338656,0.0274,0.823563560505,411781.780253,30,0,500000,330,2.0
31,874.081965435,-1814.31703035,1,0,0,940.23506491,0.0274,0.821815396575,410907.698287,31,0,500000,329,2.0
32,876.077785923,-1814.31703035,1,0,0,938.239244423,0.0274,0.820063241003,410031.620501,32,0,500000,328,2.0
33,878.078163534,-1814.31703035,1,0,0,936.238866811,0.0274,0.818307084676,409153.542338,33,0,500000,327,2.0
34,880.083108674,-1814.31703035,1,0,0,934.233921671,0.0274,0.816546918458,408273.459229,34,0,500000,326,2.0
35,882.092631772,-1814.31703035,1,0,0,932.224398573,0.0274,0.814782733195,407391.366597,35,0,500000,325,2.0
36,5000.10674328,-1814.31703035,1,0,0,930.210287064,0.0274,0.804782519708,402391.259854,36,4116,500000,324,2.0
37,895.523653678,-1814.31703035,1,0,0,918.793376667,0.0274,0.802991472401,401495.7362,37,0,500000,323,2.0
38,897.568432688,-1814.31703035,1,0,0,916.748597658,0.0274,0.801196335535,400598.167768,38,0,500000,322,2.0
39,899.617880609,-1814.31703035,1,0,0,914.699149736,0.0274,0.799397099774,399698.549887,39,0,500000,321,2.0
40,901.672008103,-1814.31703035,1,0,0,912.645022242,0.0274,0.797593755758,398796.877879,40,0,500000,320,2.0
41,903.730825855,-1814.31703035,1,0,0,910.58620449,0.0274,0.795786294106,397893.147053,41,0,500000,319,2.0
42,905.794344574,-1814.31703035,1,0,0,908.522685771,0.0274,0.793974705417,396987.352709,42,0,500000,318,2.0
43,907.862574994,-1814.31703035,1,0,0,906.454455351,0.0274,0.792158980267,396079.490134,43,0,500000,317,2.0
44,909.935527874,-1814.31703035,1,0,0,904.381502472,0.0274,0.790339109211,395169.554606,44,0,500000,316,2.0
45,912.013213996,-1814.31703035,1,0,0,902.30381635,0.0274,0.788515082783,394257.541392,45,0,500000,315,2.0
46,914.095644168,-1814.31703035,1,0,0,900.221386178,0.0274,0.786686891495,393343.445748,46,0,500000,314,2.0
47,916.182829222,-1814.31703035,1,0,0,898.134201124,0.0274,0.784854525837,392427.262918,47,0,500000,313,2.0
48,5034.27478002,-1814.31703035,1,0,0,896.04225033,0.0274,0.774785976277,387392.988138,48,4116,500000,312,2.0
49,929.769707429,-1814.31703035,1,0,0,884.547322916,0.0274,0.772926436862,386463.218431,49,0,500000,311,2.0
50,931.892681595,-1814.31703035,1,0,0,882.42434875,0.0274,0.771062651499,385531.325749,50,0,500000,310,2.0
51,934.020503218,-1814.31703035,1,0,0,880.296527128,0.0274,0.769194610492,384597.305246,51,0,500000,309,2.0
52,936.153183367,-1814.31703035,1,0,0,878.163846979,0.0274,0.767322304125,383661.152063,52,0,500000,308,2.0
53,938.290733135,-1814.31703035,1,0,0,876.02629721,0.0274,0.765445722659,382722.86133,53,0,500000,307,2.0
54,940.433163643,-1814.31703035,1,0,0,873.883866702,0.0274,0.763564856332,381782.428166,54,0,500000,306,2.0
55,942.580486033,-1814.31703035,1,0,0,871.736544312,0.0274,0.76167969536,380839.84768,55,0,500000,305,2.0
56,944.732711476,-1814.31703035,1,0,0,869.584318869,0.0274,0.759790229937,379895.114968,56,0,500000,304,2.0
57,946.889851167,-1814.31703035,1,0,0,867.427179178,0.0274,0.757896450234,378948.225117,57,0,500000,303,2.0
58,949.051916328,-1814.31703035,1,0,0,865.265114018,0.0274,0.755998346402,377999.173201,58,0,500000,302,2.0
59,951.218918203,-1814.31703035,1,0,0,863.098112142,0.0274,0.754095908565,377047.954283,59,0,500000,301,2.0
60,5069.39086807,-1814.31703035,1,0,0,860.926162279,0.0274,0.743957126829,371978.563415,60,4116,500000,300,2.0
0,0,-395.299887076,1,295.0,295.0,0,0.0258,0.5823529411764706,99000,0,0,170000,360,3.0
1,182.449887076,-395.299887076,1,0,0,212.85,0.0258,0.581279706547,98817.5501129,1,0,170000,359,3.0
2,182.842154333,-395.299887076,1,0,0,212.457732743,0.0258,0.580204164462,98634.7079586,2,0,170000,358,3.0
3,183.235264965,-395.299887076,1,0,0,212.064622111,0.0258,0.579126309963,98451.4726936,3,0,170000,357,3.0
4,183.629220785,-395.299887076,1,0,0,211.670666291,0.0258,0.578046138076,98267.8434728,4,0,170000,356,3.0
5,184.024023609,-395.299887076,1,0,0,211.275863467,0.0258,0.576963643819,98083.8194492,5,0,170000,355,3.0
6,184.41967526,-395.299887076,1,0,0,210.880211816,0.0258,0.5758788222,97899.399774,6,0,170000,354,3.0
7,184.816177562,-395.299887076,1,0,0,210.483709514,0.0258,0.574791668214,97714.5835964,7,0,170000,353,3.0
8,185.213532344,-395.299887076,1,0,0,210.086354732,0.0258,0.573702176847,97529.3700641,8,0,170000,352,3.0
9,185.611741438,-395.299887076,1,0,0,209.688145638,0.0258,0.572610343074,97343.7583226,9,0,170000,351,3.0
10,186.010806682,-395.299887076,1,0,0,209.289080394,0.0258,0.571516161859,97157.7475159,10,0,170000,350,3.0
11,186.410729917,-395.299887076,1,0,0,208.889157159,0.0258,0.570419628153,96971.336786,11,0,170000,349,3.0
12,186.811512986,-395.299887076,1,0,0,208.48837409,0.0258,0.5693207369,96784.525273,12,0,170000,348,3.0
13,187.213157739,-395.299887076,1,0,0,208.086729337,0.0258,0.568219483031,96597.3121153,13,0,170000,347,3.0
14,187.615666028,-395.299887076,1,0,0,207.684221048,0.0258,0.567115861466,96409.6964493,14,0,170000,346,3.0
15,188.01903971,-395.299887076,1,0,0,207.280847366,0.0258,0.566009867115,96221.6774096,15,0,170000,345,3.0
16,188.423280645,-395.299887076,1,0,0,206.876606431,0.0258,0.564901494876,96033.2541289,16,0,170000,344,3.0
17,188.828390699,-395.299887076,1,0,0,206.471496377,0.0258,0.563790739637,95844.4257382,17,0,170000,343,3.0
18,189.234371739,-395.299887076,1,0,0,206.065515337,0.0258,0.562677596273,95655.1913665,18,0,170000,342,3.0
19,189.641225638,-395.299887076,1,0,0,205.658661438,0.0258,0.561562059652,95465.5501408,19,0,170000,341,3.0
20,190.048954273,-395.299887076,1,0,0,205.250932803,0.0258,0.560444124627,95275.5011866,20,0,170000,340,3.0
21,190.457559525,-395.299887076,1,0,0,204.842327551,0.0258,0.559323786041,95085.043627,21,0,170000,339,3.0
22,190.867043278,-395.299887076,1,0,0,204.432843798,0.0258,0.558201038728,94894.1765838,22,0,170000,338,3.0
23,191.277407421,-395.299887076,1,0,0,204.022479655,0.0258,0.557075877508,94702.8991763,23,0,170000,337,3.0
24,191.688653847,-395.299887076,1,0,0,203.611233229,0.0258,0.555948297191,94511.2105225,24,0,170000,336,3.0
25,192.100784453,-395.299887076,1,0,0,203.199102623,0.0258,0.554818292577,94319.1097381,25,0,170000,335,3.0
26,192.513801139,-395.299887076,1,0,0,202.786085937,0.0258,0.553685858452,94126.5959369,26,0,170000,334,3.0
27,192.927705812,-395.299887076,1,0,0,202.372181264,0.0258,0.552550989595,93933.6682311,27,0,170000,333,3.0
28,193.342500379,-395.299887076,1,0,0,201.957386697,0.0258,0.551413680769,93740.3257307,28,0,170000,332,3.0
29,193.758186755,-395.299887076,1,0,0,201.541700321,0.0258,0.550273926729,93546.567544,29,0,170000,331,3.0
30,194.174766856,-395.299887076,1,0,0,201.12512022,0.0258,0.549131722218,93352.3927771,30,0,170000,330,3.0
31,194.592242605,-395.299887076,1,0,0,200.707644471,0.0258,0.547987061968,93157.8005345,31,0,170000,329,3.0
32,195.010615927,-395.299887076,1,0,0,200.289271149,0.0258,0.546839940698,92962.7899186,32,0,170000,328,3.0
33,195.429888751,-395.299887076,1,0,0,199.869998325,0.0258,0.545690353117,92767.3600298,33,0,170000,327,3.0
34,195.850063012,-395.299887076,1,0,0,199.449824064,0.0258,0.544538293922,92571.5099668,34,0,170000,326,3.0
35,196.271140647,-395.299887076,1,0,0,199.028746429,0.0258,0.543383757801,92375.2388262,35,0,170000,325,3.0
36,196.6931236,-395.299887076,1,0,0,198.606763476,0.0258,0.542226739427,92178.5457026,36,0,170000,324,3.0
37,197.116013815,-395.299887076,1,0,0,198.183873261,0.0258,0.541067233463,91981.4296888,37,0,170000,323,3.0
38,197.539813245,-395.299887076,1,0,0,197.760073831,0.0258,0.539905234562,91783.8898755,38,0,170000,322,3.0
39,197.964523844,-395.299887076,1,0,0,197.335363232,0.0258,0.538740737363,91585.9253517,39,0,170000,321,3.0
40,198.39014757,-395.299887076,1,0,0,196.909739506,0.0258,0.537573736495,91387.5352041,40,0,170000,320,3.0
41,198.816686387,-395.299887076,1,0,0,196.483200689,0.0258,0.536404226575,91188.7185177,41,0,170000,319,3.0
42,199.244142263,-395.299887076,1,0,0,196.055744813,0.0258,0.535232202208,90989.4743754,42,0,170000,318,3.0
43,199.672517169,-395.299887076,1,0,0,195.627369907,0.0258,0.53405765799,90789.8018583,43,0,170000,317,3.0
44,200.101813081,-395.299887076,1,0,0,195.198073995,0.0258,0.532880588501,90589.7000452,44,0,170000,316,3.0
45,200.532031979,-395.299887076,1,0,0,194.767855097,0.0258,0.531700988313,90389.1680132,45,0,170000,315,3.0
46,200.963175847,-395.299887076,1,0,0,194.336711228,0.0258,0.530518851985,90188.2048374,46,0,170000,314,3.0
47,201.395246676,-395.299887076,1,0,0,193.9046404,0.0258,0.529334174063,89986.8095907,47,0,170000,313,3.0
48,201.828246456,-395.299887076,1,0,0,193.47164062,0.0258,0.528146949084,89784.9813442,48,0,170000,312,3.0
49,202.262177186,-395.299887076,1,0,0,193.03770989,0.0258,0.526957171571,89582.7191671,49,0,170000,311,3.0
50,202.697040867,-395.299887076,1,0,0,192.602846209,0.0258,0.525764836036,89380.0221262,50,0,170000,310,3.0
51,203.132839505,-395.299887076,1,0,0,192.167047571,0.0258,0.52456993698,89176.8892867,51,0,170000,309,3.0
52,203.56957511,-395.299887076,1,0,0,191.730311966,0.0258,0.523372468892,88973.3197116,52,0,170000,308,3.0
53,204.007249696,-395.299887076,1,0,0,191.29263738,0.0258,0.522172426246,88769.3124619,53,0,170000,307,3.0
54,204.445865283,-395.299887076,1,0,0,190.854021793,0.0258,0.520969803509,88564.8665966,54,0,170000,306,3.0
55,204.885423893,-395.299887076,1,0,0,190.414463183,0.0258,0.519764595134,88359.9811727,55,0,170000,305,3.0
56,205.325927555,-395.299887076,1,0,0,189.973959521,0.0258,0.51855679556,88154.6552451,56,0,170000,304,3.0
57,205.767378299,-395.299887076,1,0,0,189.532508777,0.0258,0.517346399217,87948.8878668,57,0,170000,303,3.0
58,206.209778162,-395.299887076,1,0,0,189.090108914,0.0258,0.516133400522,87742.6780887,58,0,170000,302,3.0
59,206.653129185,-395.299887076,1,0,0,188.646757891,0.0258,0.514917793879,87536.0249595,59,0,170000,301,3.0
60,207.097433413,-395.299887076,1,0,0,188.202453663,0.0258,0.513699573683,87328.9275261,60,0,170000,300,3.0
0,0,-395.299887076,1,295.0,295.0,0,0.0258,0.5823529411764706,99000,0,0,170000,360,4.0
1,525.449887076,-395.299887076,1,0,0,212.85,0.0258,0.579262059488,98474.5501129,1,343,170000,359,4.0
2,526.579604333,-395.299887076,1,0,0,211.720282743,0.0258,0.576164532403,97947.9705086,2,343,170000,358,4.0
3,527.711750482,-395.299887076,1,0,0,210.588136593,0.0258,0.573060345636,97420.2587581,3,343,170000,357,4.0
4,528.846330746,-395.299887076,1,0,0,209.45355633,0.0258,0.569949484867,96891.4124274,4,343,170000,356,4.0
5,529.983350357,-395.299887076,1,0,0,208.316536719,0.0258,0.566831935747,96361.429077,5,343,170000,355,4.0
6,531.12281456,-395.299887076,1,0,0,207.177072516,0.0258,0.563707683897,95830.3062624,6,343,170000,354,4.0
7,532.264728612,-395.299887076,1,0,0,206.035158464,0.0258,0.560576714905,95298.0415338,7,343,170000,353,4.0
8,533.409097778,-395.299887076,1,0,0,204.890789298,0.0258,0.55743901433,94764.6324361,8,343,170000,352,4.0
9,534.555927338,-395.299887076,1,0,0,203.743959738,0.0258,0.554294567698,94230.0765087,9,343,170000,351,4.0
10,535.705222582,-395.299887076,1,0,0,202.594664494,0.0258,0.551143360507,93694.3712861,10,343,170000,350,4.0
11,536.856988811,-395.299887076,1,0,0,201.442898265,0.0258,0.54798537822,93157.5142973,11,343,170000,349,4.0
12,538.011231337,-395.299887076,1,0,0,200.288655739,0.0258,0.544820606271,92619.503066,12,343,170000,348,4.0
13,539.167955484,-395.299887076,1,0,0,199.131931592,0.0258,0.541649030062,92080.3351105,13,343,170000,347,4.0
14,540.327166588,-395.299887076,1,0,0,197.972720488,0.0258,0.538470634964,91540.0079439,14,343,170000,346,4.0
15,541.488869996,-395.299887076,1,0,0,196.811017079,0.0258,0.535285406317,90998.5190739,15,343,170000,345,4.0
16,542.653071067,-395.299887076,1,0,0,195.646816009,0.0258,0.532093329429,90455.8660029,16,343,170000,344,4.0
17,543.81977517,-395.299887076,1,0,0,194.480111906,0.0258,0.528894389575,89912.0462277,17,343,170000,343,4.0
18,544.988987686,-395.299887076,1,0,0,193.31089939,0.0258,0.525688572,89367.05724,18,343,170000,342,4.0
19,546.16071401,-395.299887076,1,0,0,192.139173066,0.0258,0.522475861918,88820.896526,19,343,170000,341,4.0
20,547.334959545,-395.299887076,1,0,0,190.964927531,0.0258,0.519256244508,88273.5615664,20,343,170000,340,4.0
21,548.511729708,-395.299887076,1,0,0,189.788157368,0.0258,0.516029704922,87725.0498367,21,343,170000,339,4.0
22,549.691029927,-395.299887076,1,0,0,188.608857149,0.0258,0.512796228275,87175.3588068,22,343,170000,338,4.0
23,550.872865641,-395.299887076,1,0,0,187.427021435,0.0258,0.509555799654,86624.4859412,23,343,170000,337,4.0
24,552.057242302,-395.299887076,1,0,0,186.242644774,0.0258,0.506308404111,86072.4286989,24,343,170000,336,4.0
25,553.244165373,-395.299887076,1,0,0,185.055721703,0.0258,0.503054026668,85519.1845335,25,343,170000,335,4.0
26,554.433640329,-395.299887076,1,0,0,183.866246747,0.0258,0.499792652313,84964.7508932,26,343,170000,334,4.0
27,555.625672656,-395.299887076,1,0,0,182.67421442,0.0258,0.496524266003,84409.1252205,27,343,170000,333,4.0
28,556.820267852,-395.299887076,1,0,0,181.479619224,0.0258,0.493248852663,83852.3049527,28,343,170000,332,4.0
29,558.017431428,-395.299887076,1,0,0,180.282455648,0.0258,0.489966397184,83294.2875212,29,343,170000,331,4.0
30,559.217168905,-395.299887076,1,0,0,179.082718171,0.0258,0.486676884425,82735.0703523,30,343,170000,330,4.0
31,560.419485818,-395.299887076,1,0,0,177.880401257,0.0258,0.483380299215,82174.6508665,31,343,170000,329,4.0
32,561.624387713,-395.299887076,1,0,0,176.675499363,0.0258,0.480076626346,81613.0264788,32,343,170000,328,4.0
33,562.831880147,-395.299887076,1,0,0,175.468006929,0.0258,0.47676585058,81050.1945986,33,343,170000,327,4.0
34,564.041968689,-395.299887076,1,0,0,174.257918387,0.0258,0.473447956647,80486.15263,34,343,170000,326,4.0
35,565.254658922,-395.299887076,1,0,0,173.045228154,0.0258,0.470122929241,79920.897971,35,343,170000,325,4.0
36,566.469956438,-395.299887076,1,0,0,171.829930638,0.0258,0.466790753027,79354.4280146,36,343,170000,324,4.0
37,567.687866845,-395.299887076,1,0,0,170.612020231,0.0258,0.463451412634,78786.7401477,37,343,170000,323,4.0
38,568.908395758,-395.299887076,1,0,0,169.391491318,0.0258,0.460104892659,78217.831752,38,343,170000,322,4.0
39,570.131548809,-395.299887076,1,0,0,168.168338267,0.0258,0.456751177666,77647.7002032,39,343,170000,321,4.0
40,571.357331639,-395.299887076,1,0,0,166.942555437,0.0258,0.453390252186,77076.3428715,40,343,170000,320,4.0
41,572.585749902,-395.299887076,1,0,0,165.714137174,0.0258,0.450022100716,76503.7571216,41,343,170000,319,4.0
42,573.816809264,-395.299887076,1,0,0,164.483077812,0.0258,0.44664670772,75929.9403124,42,343,170000,318,4.0
43,575.050515404,-395.299887076,1,0,0,163.249371672,0.0258,0.443264057629,75354.889797,43,343,170000,317,4.0
44,576.286874012,-395.299887076,1,0,0,162.013013063,0.0258,0.439874134841,74778.602923,44,343,170000,316,4.0
45,577.525890792,-395.299887076,1,0,0,160.773996284,0.0258,0.436476923719,74201.0770322,45,343,170000,315,4.0
46,578.767571457,-395.299887076,1,0,0,159.532315619,0.0258,0.433072408592,73622.3094607,46,343,170000,314,4.0
47,580.011921735,-395.299887076,1,0,0,158.287965341,0.0258,0.429660573759,73042.297539,47,343,170000,313,4.0
48,581.258947367,-395.299887076,1,0,0,157.040939709,0.0258,0.42624140348,72461.0385916,48,343,170000,312,4.0
49,582.508654104,-395.299887076,1,0,0,155.791232972,0.0258,0.422814881985,71878.5299375,49,343,170000,311,4.0
50,583.76104771,-395.299887076,1,0,0,154.538839366,0.0258,0.419380993469,71294.7688898,50,343,170000,310,4.0
51,585.016133963,-395.299887076,1,0,0,153.283753113,0.0258,0.415939722093,70709.7527558,51,343,170000,309,4.0
52,586.273918651,-395.299887076,1,0,0,152.025968425,0.0258,0.412491051983,70123.4788372,52,343,170000,308,4.0
53,587.534407576,-395.299887076,1,0,0,150.7654795,0.0258,0.409034967233,69535.9444296,53,343,170000,307,4.0
54,588.797606552,-395.299887076,1,0,0,149.502280524,0.0258,0.4055714519,68947.1468231,54,343,170000,306,4.0
55,590.063521406,-395.299887076,1,0,0,148.23636567,0.0258,0.40210049001,68357.0833016,55,343,170000,305,4.0
56,591.332157977,-395.299887076,1,0,0,146.967729099,0.0258,0.398622065551,67765.7511437,56,343,170000,304,4.0
57,592.603522117,-395.299887076,1,0,0,145.696364959,0.0258,0.39513616248,67173.1476216,57,343,170000,303,4.0
58,593.87761969,-395.299887076,1,0,0,144.422267386,0.0258,0.391642764717,66579.2700019,58,343,170000,302,4.0
59,595.154456572,-395.299887076,1,0,0,143.145430504,0.0258,0.388141856149,65984.1155453,59,343,170000,301,4.0
60,596.434038654,-395.299887076,1,0,0,141.865848422,0.0258,0.384633420627,65387.6815066,60,343,170000,300,4.0
